100 100 
50 201 129 947 185 822 298 18 1027 260 48 543 104 1112 1016 573 833 59 978 1483 14 474 767 323 315 667 776 1398 1036 567 103 580 1134 600 1161 20 1242 956 313 600 317 1163 339 301 560 608 1441 285 744 589 1266 798 395 78 1161 1210 1077 162 865 25 78 702 617 889 318 555 1078 451 922 560 144 184 4 1202 8 1122 1263 964 1333 548 1094 860 698 374 621 988 347 75 692 1053 121 1159 884 494 668 801 737 1436 253 757
1038 732 394 550 425 310 884 1414 1341 632 1166 1113 636 416 419 142 420 25 527 99 22 1287 233 72 1468 144 490 1153 999 1249 695 501 629 1004 280 1340 5 461 362 605 402 49 1110 1354 283 39 245 1258 812 549 659 340 397 1181 424 1429 690 1089 1266 396 1078 571 772 901 747 1003 995 1498 244 779 889 1289 857 1141 588 615 416 591 374 256 1134 641 556 1414 1059 740 1112 670 680 459 483 283 316 373 974 412 1134 1389 183 1031
436 1245 1366 445 439 532 1084 1410 590 1005 1425 944 860 786 672 78 298 442 434 117 1097 892 366 822 1382 522 1331 295 711 43 372 939 748 1312 424 640 565 421 1098 857 999 704 1326 1153 63 535 246 1451 327 694 265 454 229 1351 645 313 699 992 552 431 647 1406 300 796 456 553 210 355 372 691 1048 1234 31 1494 877 578 458 1357 827 726 795 814 1401 1079 1178 249 1280 677 465 975 925 164 636 426 7 1015 1111 1471 477 12
1482 460 0 1439 546 838 837 808 1121 202 629 1476 876 869 1200 785 887 1431 1432 1266 297 1026 1292 868 107 681 742 1331 1418 319 998 849 41 861 1296 1150 136 622 807 113 1442 870 1183 1369 677 522 803 73 1146 500 687 736 621 896 80 1375 992 329 834 1346 10 683 1246 595 1142 270 1075 1465 647 611 1117 741 1091 409 1032 192 1215 928 1238 260 753 1481 1305 250 907 643 1154 298 801 641 10 1121 907 1266 1118 651 274 1431 870 416
521 141 1003 1113 241 200 699 149 622 8 654 11 1076 323 753 1425 290 159 471 175 469 781 147 468 83 382 75 1355 931 208 1122 1351 1125 1007 152 626 111 1127 106 539 1341 703 1008 943 1045 663 250 1458 3 249 614 1156 793 1155 273 1107 592 326 659 560 521 6 342 772 547 403 1012 1359 349 872 431 41 82 359 589 1141 1155 916 1012 907 1487 541 127 1277 1218 462 1477 422 1187 953 939 1107 354 1321 152 1060 663 744 140 1118
1316 1328 875 937 939 815 1105 335 1218 891 58 838 267 752 867 1213 1076 1385 1015 1195 1065 1351 1426 1086 548 126 159 173 1193 33 414 1363 410 779 817 1058 1301 184 203 195 70 773 661 1104 610 93 1499 742 684 273 770 191 1413 74 545 950 376 372 644 1220 1335 488 451 800 547 223 327 564 167 228 431 517 684 1034 1202 347 460 24 1103 1348 769 637 713 450 290 1270 481 403 593 956 838 894 209 1291 840 474 262 1373 1080 1350
378 1235 1467 1452 37 1323 640 889 828 1018 1263 484 1423 39 321 1000 1086 1042 1404 18 558 196 883 340 950 419 656 1100 240 286 827 989 728 335 10 1494 400 699 338 880 587 1381 1108 1463 1482 1053 83 869 1216 307 838 247 1151 121 10 910 906 189 525 468 569 392 993 1017 1129 840 101 345 1439 1288 1001 1091 1151 556 148 715 62 432 409 1369 1022 473 793 723 1329 1340 1016 620 917 138 1403 1151 302 1269 33 593 254 468 1486 1303
486 687 1469 1032 144 364 1302 1051 561 107 634 116 27 1295 763 1247 579 755 570 798 1026 1371 201 475 334 631 1479 1023 1112 532 40 700 973 897 57 396 773 749 446 183 300 127 531 156 1340 787 740 1387 837 405 480 349 1106 97 275 797 191 1405 809 1315 1055 749 1484 324 30 1264 85 473 573 1001 1380 220 239 492 937 510 186 1020 891 724 1458 279 493 425 145 1091 1249 131 1037 1052 147 23 219 716 388 29 362 113 267 574
768 402 1296 1113 475 417 0 906 877 547 1101 497 1248 1472 391 1338 489 1061 565 681 746 106 1005 409 1349 862 1020 1218 1279 1176 1173 498 1277 1482 113 1179 689 765 1351 135 1381 1182 1196 871 569 794 1095 431 47 1152 985 413 893 1076 803 349 782 956 970 512 624 409 1191 1230 39 800 1134 1198 250 193 217 441 691 873 905 750 992 632 1195 669 123 839 1043 1344 18 1444 362 1213 673 1081 1015 373 1084 169 477 739 567 159 260 1158
1274 147 1081 703 954 497 613 182 23 341 262 442 111 353 342 835 1303 746 401 1360 403 1173 902 1265 1158 943 685 825 391 369 361 30 199 1377 756 1067 29 533 647 1132 620 1086 881 946 1120 1239 461 984 1240 1491 1060 1072 846 1016 160 981 1216 178 685 727 810 473 342 325 259 864 23 44 1205 419 1371 745 1119 828 1292 560 34 785 33 465 1341 330 1019 1267 1465 1137 12 191 1139 1285 623 1301 957 1038 593 1006 1455 1315 1253 1141
747 879 412 121 213 933 336 598 888 1430 385 722 486 1309 925 898 1437 483 71 395 533 1194 380 1479 14 657 350 467 578 624 1355 1222 189 149 180 1437 1198 1421 42 236 620 411 1004 164 880 1043 1367 575 865 1392 1262 667 691 456 51 425 13 1087 1088 874 1353 134 637 1414 426 1148 783 590 731 445 1408 788 719 1143 1097 1462 1058 792 1189 912 468 1485 166 327 534 1304 1339 82 275 1402 139 29 565 1372 441 759 480 720 874 279
1440 884 955 1264 1142 139 98 135 1470 368 1375 663 44 1389 1041 1021 1149 788 1199 189 286 1378 1415 1061 1239 287 380 749 1300 1083 1333 90 403 774 796 256 894 437 532 951 769 200 750 1163 73 1315 596 1269 674 876 304 824 179 1141 1127 1386 762 133 446 173 674 184 330 758 193 773 226 96 1350 1243 588 974 239 293 289 800 850 424 1380 1061 1191 484 204 1399 299 261 481 1104 637 262 588 331 1158 330 970 893 134 504 1059 695
789 503 165 1265 99 1485 986 62 1390 512 1035 569 57 1484 653 252 134 177 167 1309 436 171 1016 124 335 71 610 193 387 329 571 430 225 495 658 879 1090 1408 100 397 511 476 1233 814 1108 461 1059 1275 1418 780 356 46 365 1438 1365 1449 1230 305 501 774 1 117 1333 712 1442 1389 1347 276 992 421 391 186 538 658 1042 637 239 962 755 1398 394 827 1376 746 1247 608 89 227 194 898 953 1000 643 1133 639 749 1438 1431 668 6
23 1468 1067 60 939 382 1121 945 485 129 319 654 1042 505 436 520 923 145 1332 555 1391 1139 1468 1052 816 396 512 1003 653 409 805 524 518 90 891 996 457 693 465 388 786 1200 1019 1123 1123 506 1336 1387 1122 574 1352 327 748 1301 1036 449 131 119 1339 990 984 300 530 882 481 1127 1261 917 862 428 501 105 724 858 64 1323 1106 821 140 716 713 1020 99 1361 940 193 922 403 566 1019 737 1244 52 651 1254 1440 210 36 243 1146
949 1371 1326 699 681 74 1333 672 620 393 168 1198 180 31 537 1295 150 232 914 1323 1446 443 562 579 1221 1476 1378 845 1431 1337 1437 447 812 1087 811 21 633 319 1429 991 220 156 1239 225 1343 1483 589 871 1288 73 1346 86 433 629 229 1275 746 148 621 1302 867 278 275 72 873 992 1321 122 338 266 396 883 1025 533 331 1429 551 511 1023 372 1438 1024 1060 128 1442 929 583 830 799 1053 548 596 721 393 986 483 251 976 1029 229
483 1118 1397 1187 627 400 385 294 1428 685 1365 646 212 1113 551 698 75 409 414 782 157 170 57 246 421 227 637 496 330 718 954 114 587 1445 1242 474 713 1459 344 328 1331 1077 355 713 1037 407 12 865 137 1148 1042 1222 32 328 1197 141 1498 31 730 965 260 670 979 10 107 637 475 1415 1334 369 674 714 1213 786 635 398 1416 1414 1452 361 962 202 1142 1049 531 475 145 857 1327 1076 542 57 1003 321 1483 220 536 1209 370 1027
1370 516 625 225 799 1465 100 704 936 10 1160 171 1411 1157 1359 958 976 1339 1161 280 1033 783 993 466 1208 758 511 651 1205 772 752 685 1053 100 1168 909 549 121 1097 476 693 669 616 971 1273 937 1095 442 430 988 647 1065 939 1009 918 1001 1486 228 1311 890 754 1011 315 77 9 274 924 1023 835 834 789 651 3 407 73 1187 1094 779 1339 449 1247 393 678 752 1498 1496 500 1250 882 1111 794 1228 963 433 1205 795 1349 538 1292 974
1087 1017 542 976 64 540 1308 229 490 704 224 526 930 294 1240 207 298 1466 935 872 948 1191 39 1028 36 209 6 264 489 135 938 937 786 341 195 544 67 1286 1391 560 970 1197 395 1080 720 250 1083 697 1056 761 1414 1123 690 1012 1442 932 749 903 409 623 1015 445 278 939 869 548 426 1016 46 1300 1039 582 210 488 65 1077 1000 1416 873 917 113 703 180 742 1187 937 1382 386 942 61 845 160 331 210 906 1050 597 813 391 39
1002 739 104 282 224 1466 1149 1115 1251 218 1218 37 947 197 1468 85 303 55 982 665 1316 1108 1209 1227 241 269 1444 819 1224 1371 1048 1067 1283 817 506 1400 834 1470 1304 500 1251 177 1056 212 1187 1121 1370 457 1399 650 133 658 1303 1032 1287 1451 484 281 811 243 1031 413 261 246 1091 452 1175 851 201 532 1070 347 767 660 434 989 27 36 427 563 374 1145 818 1335 1129 118 1333 345 1176 674 399 363 946 1225 445 1082 7 576 813 1000
482 232 188 433 253 1062 442 501 1206 1074 954 1008 683 255 760 406 623 432 671 394 625 1275 912 122 432 1213 861 18 1378 1397 614 513 502 854 998 767 632 1353 407 554 1272 590 248 557 820 1490 1084 237 169 1219 993 834 388 126 200 949 909 717 1368 353 595 1129 425 414 32 1068 1230 948 759 125 29 1110 971 1101 648 1476 255 1200 1032 1366 974 299 1149 1378 540 1260 23 1160 683 1226 337 1146 815 1393 804 468 598 572 661 397
663 1118 305 970 1193 1244 71 1022 862 696 1063 1240 37 1408 321 63 434 5 194 1243 476 683 79 230 825 1149 50 1207 953 840 791 312 744 1075 770 1382 1227 1373 521 702 543 128 881 510 1365 956 670 372 1127 1235 989 723 873 153 664 204 745 661 607 140 1123 1117 762 945 904 87 139 911 52 431 800 5 479 446 653 761 615 1083 108 51 816 1139 969 1106 916 648 799 825 1169 322 183 68 1104 961 160 845 188 1168 923 995
1062 192 715 894 323 503 579 1124 513 818 681 1063 783 310 1372 433 857 511 1083 108 957 602 1080 733 1112 309 998 225 403 438 1197 652 734 698 847 315 191 819 833 343 53 1031 820 1317 561 91 1359 840 896 790 1245 1407 492 358 713 261 1405 444 529 364 1135 808 47 694 181 15 992 969 1015 566 1176 391 229 861 553 772 1468 1086 626 1285 676 964 656 622 529 1265 865 1380 1255 1076 30 80 680 1347 1 1006 1407 1144 821 255
156 978 162 402 860 718 561 1061 431 1170 157 830 1278 27 464 266 753 289 786 1147 331 464 424 549 384 344 1203 1041 221 416 123 874 219 768 699 586 450 739 1134 1016 554 48 976 1205 0 50 165 174 84 377 508 1409 1331 1277 518 1495 6 1080 639 942 134 1398 1390 145 61 1249 94 692 514 410 732 389 1403 1313 600 505 1275 240 924 1102 375 167 84 1207 330 1492 1384 387 887 1347 288 148 1056 913 766 763 884 732 53 960
258 553 1476 1220 1483 988 13 1383 550 22 170 1053 499 1048 809 284 582 851 1373 1457 952 302 1490 1206 604 579 984 1268 589 230 334 534 518 271 676 746 921 723 367 880 797 790 1186 53 727 1404 1227 516 898 461 82 640 17 1385 997 1308 198 1034 341 978 1375 871 923 772 961 459 533 907 1033 166 1110 675 961 1276 211 959 949 1395 287 879 962 89 972 460 558 439 770 547 1040 681 816 129 254 286 1232 82 1102 1105 542 1067
492 355 556 269 134 650 803 766 786 653 79 469 969 11 636 1043 170 646 711 481 1483 861 755 285 721 1306 483 362 1185 1291 1068 342 350 1281 931 538 832 510 107 1090 882 626 129 802 883 479 242 334 1109 1081 1270 497 519 627 294 660 929 468 613 1169 581 1093 447 735 256 1151 873 110 203 37 1281 156 183 1393 182 559 764 614 225 770 668 323 1371 103 829 846 689 687 108 777 817 95 594 2 849 84 621 907 374 448
911 1203 1099 1147 1190 1112 853 1305 1456 197 944 0 191 86 1083 786 58 234 1349 787 1461 272 822 1211 1434 558 627 962 735 1294 988 870 356 1493 1036 336 348 1128 710 947 93 28 1045 694 580 784 1344 759 676 633 146 1085 466 863 547 687 711 881 1472 1214 1116 197 720 1277 1098 1184 1476 1053 679 828 1175 1146 1265 1157 1332 1066 1258 259 775 7 964 1099 621 559 566 331 578 814 378 27 1352 368 634 603 1480 477 1247 1035 303 434
1451 1286 461 173 842 596 648 961 1202 563 902 743 1260 1394 1330 51 530 1241 598 320 1408 577 536 169 1315 1246 1119 1130 1278 635 665 1211 1171 624 1253 301 107 22 161 1389 45 1491 438 131 687 1134 539 1398 899 659 46 404 1369 435 1482 354 150 1300 1388 605 90 281 756 691 409 1323 461 742 290 1426 1118 456 819 905 374 857 861 717 1046 664 1049 580 223 842 1156 313 883 1259 1442 986 542 32 1021 181 483 218 1006 777 25 324
592 508 1207 740 1045 1263 968 602 819 1106 320 315 1374 346 687 1219 764 315 919 831 420 1093 1394 1449 26 216 669 938 1155 1061 353 733 571 106 923 631 849 938 541 764 242 355 1193 1176 1268 1183 11 817 1351 1388 127 828 1494 202 753 1405 241 260 1423 7 1256 73 1217 308 1436 1061 445 647 820 24 656 123 507 16 423 50 1141 1333 131 475 580 424 1416 634 564 1390 1462 1271 554 1495 1275 625 935 573 332 120 1422 228 1201 553
627 1035 1054 1287 466 511 1033 768 970 516 784 304 882 392 609 985 427 930 1465 665 1088 1467 248 643 539 382 1441 164 207 777 240 519 635 1180 1037 1342 160 854 1315 1409 930 999 194 812 146 219 1044 929 1108 1050 765 1317 184 1061 381 338 1160 358 400 1077 130 574 616 720 1 1050 256 732 368 374 1450 280 199 374 1198 1417 629 1215 1029 221 1342 1236 831 528 687 585 130 1334 1253 1054 795 275 783 1374 229 1023 642 817 896 683
486 1161 1263 1006 207 102 970 533 669 201 702 223 1136 1323 830 337 664 126 131 579 1086 1045 854 1479 1305 426 955 825 950 129 130 661 530 1403 463 965 498 721 1087 1039 1385 178 1317 998 311 1295 1473 1139 614 735 520 848 748 537 363 1484 1214 201 899 280 1130 745 338 34 16 75 1050 469 131 384 1306 1297 347 544 1072 149 94 468 523 437 237 915 1172 954 1297 214 106 533 1143 785 1037 319 1279 212 1050 846 1285 189 128 150
607 1091 564 1185 630 1294 252 424 278 821 209 261 51 1151 518 1388 949 1322 1127 1373 465 735 376 579 776 185 917 514 573 1037 456 1219 1027 1173 598 900 829 151 664 712 735 981 179 179 715 3 405 1310 196 491 1404 1174 262 1214 806 75 246 891 1017 406 1474 542 1004 555 360 650 487 965 61 186 1091 410 569 804 713 960 275 1401 682 493 1264 342 766 262 664 1315 1145 750 42 1394 358 898 221 495 931 481 913 834 1388 52
82 1496 327 755 1245 634 1188 1261 242 1149 283 766 1354 64 934 1409 513 892 666 791 488 1334 964 828 164 353 1082 961 185 1037 1128 45 743 444 708 1086 66 329 743 1311 750 759 128 307 283 43 1201 1350 682 1295 1379 875 585 616 387 405 778 449 338 1164 894 474 571 248 58 852 214 579 193 25 276 1297 128 1204 111 750 819 1132 69 736 662 649 1357 1047 1181 593 388 657 908 226 1062 1479 1162 978 1221 821 1096 222 1443 468
547 995 1349 317 184 1040 437 630 408 288 852 296 1302 978 1408 617 161 135 1363 863 37 1180 392 16 977 185 975 139 1355 834 125 1136 1347 738 1488 1226 1482 1409 1089 1435 817 1229 848 644 844 65 440 428 1012 43 888 494 376 921 472 1323 924 815 482 466 77 855 1236 826 732 928 1429 289 1187 896 259 1142 1152 126 460 784 1362 1119 591 1167 940 1019 930 1463 599 192 1029 665 603 1484 811 1247 328 1249 341 1076 465 224 22 1130
922 881 609 703 288 1077 1195 332 334 1450 135 329 912 806 280 1209 370 931 1200 292 139 693 811 1028 1272 266 18 843 626 1027 839 154 1022 484 728 985 1308 813 1195 1039 1287 69 667 910 1484 222 426 593 856 457 1340 685 886 1278 874 1003 321 373 903 14 942 693 836 1286 1483 1251 1293 291 140 316 1352 584 1157 747 234 259 261 1368 693 352 517 1462 317 1110 365 913 1155 569 447 95 21 1322 1230 340 1336 874 246 1138 1188 907
25 1320 80 268 537 13 1425 1040 1315 1332 21 154 942 1224 765 63 740 36 992 522 1192 1181 201 1130 538 585 649 714 748 976 513 992 963 602 1007 1024 1 443 816 93 961 1211 686 712 888 469 482 737 122 1099 121 981 1032 1399 1106 1026 332 141 1369 222 495 1448 209 922 994 1161 1267 65 218 1473 1179 919 77 614 372 245 759 750 1247 1030 744 720 170 257 907 1276 500 1452 677 201 69 1258 53 247 912 1264 539 1198 1028 465
507 1222 868 585 1066 1324 632 1213 717 790 212 213 1004 204 799 595 1363 1438 253 1358 660 580 10 465 785 462 1072 204 976 773 858 761 944 268 1394 796 562 720 740 1316 416 511 553 250 1244 1328 916 1096 1262 609 774 788 511 49 1144 988 393 246 339 523 398 1460 1464 1306 772 366 1141 1460 229 535 703 1366 531 824 1367 534 1066 750 512 667 826 321 707 91 671 1203 463 480 724 285 159 395 1069 603 1407 902 182 1451 41 193
1330 385 596 1247 351 727 981 1322 1350 154 462 558 479 129 605 1492 160 920 1166 407 352 894 1068 315 1168 223 889 557 405 1489 1377 1324 578 960 944 819 1321 1232 934 164 1271 50 922 1265 178 1457 1244 663 686 948 616 781 1346 648 376 261 1345 781 1131 326 1457 1036 23 473 1273 1454 934 695 980 18 304 955 1426 1108 384 1429 195 370 492 1032 324 1154 773 1069 726 4 247 637 453 1481 1176 1413 449 139 792 951 711 290 1140 1304
1195 869 394 1462 1393 77 194 414 405 778 1228 404 1438 908 930 284 154 1345 1024 747 1012 1187 1233 1352 625 1370 431 289 927 791 424 1256 442 904 476 351 729 336 117 1352 756 548 413 694 1053 474 1244 84 267 684 809 1344 276 1313 105 717 1200 1443 1189 1461 505 777 965 1316 1305 1477 170 248 1232 1130 561 671 980 494 159 142 375 787 1333 1242 454 898 341 488 168 420 410 550 919 497 621 1217 275 245 967 665 242 1474 754 82
789 685 1276 694 1201 1251 1124 318 951 1056 711 271 148 713 175 1306 1227 1257 974 933 1301 551 298 1278 243 115 1410 571 1477 730 916 1331 392 1319 360 440 185 70 1112 143 17 179 1397 590 169 263 1366 772 1099 475 638 402 460 150 931 1362 994 605 1317 992 1235 783 793 1496 233 1256 47 328 449 39 889 1226 1030 510 96 680 845 1157 1198 302 429 562 1038 700 97 79 963 872 931 125 1002 1232 502 629 791 1464 1059 607 1101 714
621 470 131 856 696 936 66 80 1087 302 454 1080 932 332 544 728 836 1454 179 1043 1316 1423 6 594 1443 39 622 129 26 456 388 229 60 982 202 704 1027 389 1408 999 394 17 209 368 1289 1193 1264 1214 109 299 1102 1140 1078 57 1422 925 1178 1135 400 1013 1477 505 495 1245 1484 234 322 912 758 1099 907 1097 212 984 236 418 144 492 681 913 254 133 77 1471 1271 1194 235 1264 1075 1236 277 1207 1414 475 1131 587 337 993 19 412
1346 348 781 709 1439 82 670 356 1137 346 310 1443 1459 829 581 1479 1372 938 259 500 603 1323 999 913 50 939 504 682 315 324 688 399 1460 183 207 768 1335 455 1328 833 80 528 431 832 300 407 237 178 1188 47 168 776 555 1156 303 1093 1121 431 112 204 278 1 123 1336 964 1092 384 94 159 1134 3 466 496 1047 1039 1033 1368 1356 24 1491 831 1015 1244 466 242 89 359 1146 573 63 518 1402 291 1271 75 1174 312 995 709 1278
548 877 247 708 186 778 274 1052 1339 91 1224 243 338 288 1091 1123 242 183 1474 1040 129 1064 915 84 413 1406 140 1442 127 1167 1232 1091 695 866 387 373 1495 714 319 1463 678 536 1020 1367 624 827 291 124 219 1156 220 132 786 948 845 614 584 565 552 1356 209 755 425 445 1052 569 169 443 96 1386 1151 969 1329 263 1382 1078 1176 629 309 1018 178 1032 575 1324 116 1233 678 1255 471 1173 91 1496 569 1466 1306 279 386 104 1185 62
694 1485 1143 443 568 334 805 365 357 858 1338 1023 1110 526 1399 738 714 617 772 1219 300 693 184 504 84 1381 1353 933 1123 427 854 1100 1021 877 206 1160 1290 820 507 1361 839 937 491 1117 1286 766 436 471 1271 777 1493 764 541 241 1323 863 1231 717 601 1304 156 113 763 1369 539 1025 304 1327 133 1404 325 244 352 880 1033 438 546 876 42 133 1477 1028 605 193 1175 1456 1278 256 24 223 1350 1413 524 891 1391 1145 777 861 1459 1045
922 1200 679 686 218 39 702 131 1118 1406 1435 121 1423 213 680 172 446 884 635 82 696 752 1036 593 735 581 680 347 843 161 1341 1050 308 1318 53 1271 773 565 534 575 838 1062 435 286 0 441 871 1494 420 993 854 830 805 496 1354 941 1430 131 484 1239 1155 1171 1310 1330 140 708 16 873 7 756 1189 1334 430 1404 242 670 753 1225 83 1233 1043 1497 717 129 1002 956 499 1451 1425 91 180 98 773 889 832 567 979 681 1426 352
218 1302 221 642 1112 720 1405 442 1350 676 1025 323 572 1094 337 310 931 917 1000 1183 1044 123 842 161 603 311 450 1242 1361 597 225 610 596 635 626 77 31 1214 478 1384 56 1203 751 571 354 1281 1214 473 667 654 884 214 753 788 398 966 1103 565 1068 37 1264 853 1167 928 1043 613 1122 998 724 1386 929 33 728 506 912 1056 741 219 1398 1011 1142 344 150 397 752 471 1014 544 523 413 250 1247 1412 1174 78 1401 532 1101 703 1203
1207 1247 399 516 776 1443 493 162 422 167 756 211 1436 1189 136 781 976 834 894 995 1350 463 658 753 514 599 142 1410 660 319 460 144 126 127 1172 228 1212 465 609 522 550 761 922 812 27 640 346 1013 76 991 1065 442 1457 497 968 1409 1429 348 955 743 1165 1098 1157 1403 682 1315 812 312 568 1186 32 501 554 1080 760 1145 240 278 156 313 450 1056 1292 1039 953 795 268 595 687 765 111 1454 932 624 378 1071 572 880 990 1
1147 1187 1310 63 1240 93 1011 135 359 959 1397 1176 897 139 1042 233 1313 312 667 134 38 374 411 345 935 1421 267 1493 666 378 1129 652 28 390 960 1072 610 1466 987 1249 44 1179 531 765 775 68 384 386 326 80 1479 1185 81 413 624 1490 1162 687 962 521 1408 944 939 322 490 1185 444 562 1026 568 441 176 59 192 115 38 162 1435 1491 1236 571 403 340 610 491 1171 183 1399 1392 609 164 449 1474 423 1302 613 1120 754 928 1153
1492 127 210 1130 364 427 867 1272 1280 335 5 1094 19 195 713 1433 1295 1283 347 1430 852 331 227 130 1235 1464 292 190 541 766 857 1444 1094 1384 222 724 12 798 937 6 894 350 980 680 495 978 1288 1135 267 1230 1377 10 1456 1239 1041 1078 765 920 1228 1356 1313 800 181 928 483 248 1259 899 316 1264 1173 905 1155 561 336 355 1107 1416 991 55 842 777 1316 1302 301 33 1227 1246 1073 175 142 63 1317 179 1307 194 58 1141 990 1302
529 787 95 1227 1134 141 608 478 1125 1191 51 98 1375 31 1427 1190 383 243 320 186 826 1363 620 1139 255 80 558 520 892 743 1376 700 168 256 1453 567 483 914 599 377 617 557 1080 1296 44 696 913 942 1440 916 381 1284 278 930 1497 222 1397 961 657 271 482 1404 1160 464 116 525 661 266 575 1149 823 122 515 1090 520 1125 641 1204 1227 688 299 414 960 477 424 705 935 1208 1350 1460 840 281 987 1224 306 432 753 993 1047 159
1494 894 967 1490 1443 1408 890 186 832 1156 1005 304 944 758 1340 1390 874 1112 176 1115 763 1129 669 683 602 256 1440 1296 424 577 1059 558 537 713 1045 1465 1471 842 318 1140 1106 1305 712 506 1472 25 158 804 70 1079 221 1358 1021 581 901 35 1035 472 554 793 1223 120 1444 71 303 205 110 61 900 304 233 1307 1204 456 179 1115 1129 1063 1008 513 216 423 1149 1191 989 1222 1125 929 1411 968 5 1021 521 63 169 158 45 1462 1092 453
1372 1462 727 803 1029 971 395 1377 444 1077 1494 1465 707 154 652 896 821 438 1398 290 43 1072 118 716 1094 1372 1051 563 873 609 1382 1158 872 1232 691 511 1436 567 315 632 1231 438 922 125 220 1039 424 74 1088 482 667 1378 1202 16 658 918 1379 1091 117 592 1119 699 1188 322 744 191 691 929 1335 312 1344 644 1285 90 1444 648 1218 897 1318 342 1397 1481 1311 95 475 1243 1335 1398 777 396 552 938 324 1191 380 771 649 372 665 650
873 927 1313 863 649 1454 539 372 976 1484 1460 914 1017 1050 758 1192 281 1199 146 493 1092 308 88 981 371 708 713 1291 1494 77 569 1215 685 921 914 641 1304 814 422 763 1068 341 87 678 1483 994 27 1203 394 962 620 444 1222 66 318 1378 249 144 565 1233 1087 1239 875 1341 752 1313 585 700 1371 1151 1200 692 423 1211 370 128 388 32 1216 1391 237 366 40 501 1497 1308 338 1028 507 1030 1323 1200 174 1027 409 203 260 54 72 1354
504 1120 700 403 903 77 1437 680 1151 385 666 927 47 917 448 329 1034 1043 1044 10 1459 718 410 1381 82 1392 64 387 1268 847 401 563 1217 869 519 1421 1303 30 1220 488 369 312 1291 916 430 729 898 1229 1325 298 1251 922 365 48 1054 1412 1162 776 1059 141 1169 1254 177 650 676 412 1260 287 1067 524 236 1463 1002 556 670 875 962 655 638 814 845 1224 677 1348 1238 1364 359 1453 1429 200 1025 768 1398 983 421 343 283 680 1435 26
1329 224 565 1383 1159 1455 10 1486 690 904 934 509 222 1460 949 426 587 361 6 591 272 1119 1150 911 763 165 267 869 97 543 1483 1479 645 826 657 204 710 1428 1136 73 603 1113 58 255 1194 922 1274 244 521 818 1045 321 701 93 1232 902 1133 539 1422 1051 407 385 1137 585 1317 1436 917 167 744 238 524 873 880 1116 1127 559 817 1254 688 181 319 987 1088 1010 305 502 916 1203 213 487 26 1089 220 1101 1436 700 450 629 856 102
387 980 1325 1294 616 356 1388 154 1037 358 650 8 399 595 1412 118 587 585 1431 1245 978 1462 629 595 57 1157 142 420 51 1166 1300 996 971 58 246 754 1028 878 573 1345 118 428 317 1361 675 589 1053 338 1465 297 1034 533 1053 60 782 327 647 208 1325 203 1114 1367 108 203 97 1214 88 1493 826 1459 197 619 264 369 1387 56 873 659 631 395 816 516 765 769 649 295 235 497 1267 576 359 170 1302 863 850 844 1294 705 487 583
1105 580 442 190 749 491 183 458 1240 733 257 1387 307 402 1376 368 806 1328 1330 96 280 64 1290 384 112 1340 1287 1103 569 1348 168 120 884 887 793 260 340 1193 1100 631 79 660 826 1213 1360 1419 237 243 295 807 318 1215 1013 1489 346 834 169 764 782 126 599 315 790 225 901 1423 1404 786 1414 1325 8 837 1102 478 1161 1030 1022 822 1211 1236 885 1322 695 654 1218 102 64 1243 356 406 574 526 805 1431 893 351 1073 44 1276 84
460 849 381 760 78 67 1297 710 1376 484 351 191 962 378 634 1240 1221 629 1019 1118 510 256 1181 841 296 1375 953 544 181 1127 358 457 92 190 548 547 1193 448 1056 186 1434 894 72 530 784 279 854 756 604 260 293 1317 353 129 1324 1227 455 941 9 528 1047 887 1365 720 892 1085 1487 40 1470 663 700 1279 1495 1321 410 418 693 604 1028 1464 698 282 138 1373 490 943 40 596 1080 1305 336 620 927 607 1359 100 1110 1009 1279 766
84 669 434 458 380 1155 465 311 1166 716 376 74 38 27 1370 1060 523 1124 627 787 257 459 543 1048 735 978 526 71 68 364 477 1046 654 897 129 1420 296 1073 1356 146 151 1339 623 1475 173 1030 1287 427 535 146 316 326 872 353 416 276 321 762 915 293 907 686 839 1260 410 1057 1490 1361 1308 746 1170 660 1117 972 557 802 58 559 1011 451 378 94 538 312 901 415 1158 1471 1134 754 1492 290 1428 812 1166 1296 74 1113 447 806
3 1390 103 567 1199 60 59 662 772 9 1233 402 399 1426 1386 1156 1307 1064 1355 4 1262 530 446 720 1284 685 85 449 1236 582 405 569 889 900 719 356 974 483 1322 495 724 841 269 145 606 661 974 1325 845 1000 763 433 735 1436 34 583 700 645 1285 415 171 296 682 320 1272 868 1439 999 204 735 422 1462 518 826 1428 213 613 1335 577 449 139 445 803 196 303 749 286 531 554 1011 75 412 63 675 970 808 625 115 600 341
1160 857 1053 603 1140 1455 561 1128 894 706 26 181 1289 878 203 1330 1293 1301 407 1346 980 397 183 445 1149 928 619 300 115 970 165 1083 737 148 904 812 348 454 1363 479 637 295 1284 1080 1190 12 699 430 520 190 361 1336 1039 943 716 1195 525 636 885 511 1409 250 11 1281 549 1442 1220 21 289 1321 1291 494 1092 425 1304 743 1133 187 523 1079 242 107 438 865 461 221 620 1126 694 1302 288 764 1147 581 284 178 859 825 277 1319
1047 1330 667 196 1493 980 472 894 44 607 341 1367 541 84 897 66 456 1121 882 990 1206 1399 552 477 551 364 1064 1367 427 845 678 111 1473 703 1282 1058 729 818 732 165 673 1351 56 425 742 838 907 875 796 154 883 1007 384 309 916 1209 1110 1448 775 810 1037 50 68 1190 674 386 1189 837 329 1309 1412 1464 792 1072 951 267 1007 588 648 957 620 780 995 1066 1388 1035 253 452 946 1288 177 1322 173 1369 1201 3 102 142 401 1146
646 292 1026 1221 1134 1122 698 364 1069 1095 334 738 988 1149 1136 873 1434 1063 593 294 578 13 386 296 432 897 242 1121 262 11 275 32 1440 462 1224 1034 1341 1429 945 622 1029 795 1452 1207 223 15 1289 164 1194 1091 93 977 70 417 1103 670 763 332 799 468 577 1047 185 211 1183 1168 744 1204 1484 1423 377 1031 1434 860 1209 1249 615 687 1302 680 1173 1025 257 0 66 846 455 709 586 89 1058 805 1279 825 184 731 296 882 780 305
777 641 1426 604 437 153 1455 180 123 150 1367 230 34 1327 1331 184 1462 1216 394 971 785 186 1242 885 1156 488 1034 752 444 63 716 98 1410 1222 795 1275 501 728 1230 1392 867 364 1335 1049 313 3 409 777 988 1468 868 1035 446 1177 225 551 1348 360 282 1256 372 574 383 1306 1083 741 774 957 877 1214 1243 673 1133 537 973 1417 624 591 1188 1107 602 774 1380 1046 937 1407 1499 1301 705 880 1247 540 1033 1344 445 907 91 994 99 1154
1218 1364 1458 1071 1302 721 1333 449 920 481 1223 796 642 295 1026 543 422 1028 284 407 120 96 1362 866 1380 1265 1392 1485 84 248 1189 1314 794 823 1323 1114 576 66 880 1101 836 343 489 1144 1457 730 88 156 382 1333 266 1257 1358 588 547 880 24 752 471 1071 567 618 268 1324 708 1387 958 1489 9 537 1069 722 1193 111 1113 325 402 1376 30 829 1288 1378 184 669 168 995 471 1130 962 1446 740 1006 292 825 1146 681 792 1232 1296 644
797 722 961 305 602 1385 65 145 1055 984 276 809 1012 799 177 1179 90 574 508 505 217 873 692 991 729 1423 862 296 1074 1083 1058 272 848 1144 306 788 729 630 805 490 650 610 430 1458 1448 835 1410 846 1332 1272 694 1167 357 200 368 315 953 433 272 1454 703 968 901 266 857 949 283 310 337 1227 95 596 604 393 679 338 164 26 591 1402 861 1326 1017 1136 1260 165 931 1169 1377 185 929 339 692 587 66 381 723 651 434 326
1051 997 348 1163 263 447 137 595 410 175 1100 1426 1308 307 1430 877 908 1188 1048 69 389 797 277 4 1271 624 1250 433 583 1141 958 817 3 1315 1155 470 262 664 1031 731 891 547 355 30 122 1244 1433 228 1256 779 473 302 1103 516 112 911 685 245 1308 427 1477 116 1232 1240 1202 147 372 568 1415 690 582 10 1047 636 1024 468 818 967 308 1387 376 974 313 70 1322 646 1470 1289 1309 452 1312 1400 1375 989 341 1479 970 1003 823 1419
1031 201 71 69 690 198 1375 186 1460 763 601 593 384 402 271 996 722 1445 291 1357 1431 817 160 1258 673 1388 1106 1246 184 434 285 59 1142 347 362 1221 1259 993 1226 910 1137 321 1463 1174 219 217 1026 1281 438 763 1446 437 1129 1364 1160 610 793 209 1403 1347 416 1359 1450 787 317 1039 157 1087 1243 1218 1417 319 187 1114 956 1180 1216 1304 1247 638 321 1398 415 1163 1493 1070 708 839 914 1103 7 589 819 303 430 1394 1471 472 558 737
1028 151 1332 162 719 521 842 563 1144 705 1160 1063 352 585 1165 453 969 505 746 722 480 565 784 1406 1476 1027 411 383 159 1060 550 895 605 737 1044 1174 516 1470 458 719 682 828 1163 113 1055 1043 113 540 691 818 868 435 320 433 913 991 999 921 1320 309 778 1062 1085 1487 978 1169 830 638 210 863 415 122 880 510 951 600 1245 808 541 1062 1363 1207 131 1152 757 50 1188 238 798 403 681 117 564 245 936 1419 170 493 88 202
953 661 409 179 1371 242 453 754 1267 1080 574 86 613 560 691 1204 774 300 278 904 1051 631 565 1217 1111 129 1314 58 1254 1082 49 425 1290 1056 1445 1028 1202 1198 497 304 579 96 69 937 1221 1456 970 44 118 129 555 78 88 941 1400 1424 266 1260 893 772 1051 1461 1461 126 227 395 1384 896 1006 380 154 1030 297 192 1031 140 328 576 1147 90 1459 1137 826 334 102 1046 565 1319 559 300 68 1038 1429 759 220 33 773 1383 1364 1450
1198 1233 464 809 91 1480 265 638 47 630 489 250 1234 181 749 1195 1453 683 317 1238 605 1184 953 149 926 994 1010 30 310 712 330 835 577 662 776 1224 463 575 1120 588 1322 492 1395 399 1092 409 1029 761 234 1266 467 450 1260 1004 1012 788 613 421 82 1226 1039 538 1100 504 1481 328 1167 116 1151 327 472 518 627 895 77 335 495 483 1254 1372 701 1365 563 858 938 199 363 147 1219 814 1467 652 998 414 1222 835 773 697 937 246
1416 158 1429 1335 675 725 1316 991 1475 1085 662 5 658 193 627 308 359 823 824 1261 840 811 290 1215 12 5 1148 842 527 1417 1391 103 137 64 865 18 243 414 1369 34 220 165 454 372 1400 784 738 158 454 799 759 214 1138 106 1401 591 1183 1436 1158 667 1305 1426 1356 932 341 984 195 1174 192 1166 686 1148 795 1273 1025 158 1269 562 353 1475 337 523 37 728 1459 54 1029 1393 1297 664 201 332 377 774 1263 1471 27 963 649 1209
1356 1133 1187 1160 1384 469 1091 1175 695 369 58 1061 1468 1052 49 238 486 795 588 915 175 304 1204 1250 573 318 669 640 308 1488 807 39 1432 1052 1376 917 36 157 582 1193 311 726 947 336 1350 317 483 1037 434 231 793 841 1074 37 159 1437 790 1209 371 201 312 400 859 1114 1287 1036 291 1497 1125 1144 437 1223 1319 692 16 1114 294 761 961 1129 717 1031 25 846 598 373 1220 1248 443 268 1167 224 137 902 1146 1342 104 1445 974 1026
51 179 938 322 485 1485 163 982 1242 305 886 180 822 1170 631 276 98 1005 1364 11 591 1231 1074 445 315 1052 612 730 1465 1263 1084 812 932 1429 485 1201 588 1494 1189 484 730 87 530 778 715 699 820 526 491 506 663 1238 1371 100 999 208 375 1023 903 529 101 483 1235 954 926 1105 1102 706 916 678 1004 84 1216 434 1281 696 1040 636 1157 649 1428 207 1402 944 1391 989 604 285 1278 1017 589 125 1402 524 340 1036 1137 184 33 562
1269 546 443 1043 289 997 824 1461 133 1113 430 1207 427 1231 176 820 235 1217 280 901 370 1160 1116 341 1244 272 879 560 615 906 54 1159 257 1154 986 1313 456 1027 1317 170 1413 541 848 756 283 766 657 1364 994 409 1364 1032 298 1343 323 271 776 872 336 65 1056 675 604 185 482 1062 472 5 683 294 0 266 1406 954 1269 1471 314 1421 1337 1082 1266 1189 370 831 818 149 1252 727 1156 677 662 948 58 690 994 1480 1031 1194 81 1268
340 139 1383 469 1174 920 866 48 973 1270 437 984 1275 1132 854 634 329 653 542 1156 544 927 160 446 47 695 1321 1396 775 1450 188 873 805 1022 564 1332 1343 1397 1024 1105 454 1242 39 905 129 1371 1055 750 358 47 1160 987 1259 1418 720 517 513 250 890 1206 1407 1220 949 936 1132 1003 472 336 782 251 1291 780 307 1003 1409 366 722 1307 498 618 1123 1057 1103 808 1137 135 279 173 838 896 745 1196 594 793 1140 458 314 879 1065 728
73 1435 1416 111 531 1009 882 900 366 1261 293 807 689 351 1338 43 817 703 793 1475 885 298 443 1307 991 597 1077 1 225 185 152 1463 1488 34 1238 1366 800 16 643 763 1179 344 800 1460 220 786 831 749 929 1309 1051 211 915 253 1004 631 970 742 1358 630 40 882 837 391 573 1160 889 35 1137 425 875 997 415 665 727 1311 1097 1395 1217 1244 363 1350 1221 1353 1073 81 1075 94 418 280 1132 737 963 39 1271 537 128 294 1066 572
756 869 1007 1053 943 1086 516 101 1109 123 1460 1182 141 1041 760 141 1024 978 1119 1278 120 775 1328 43 548 318 469 817 1436 87 1213 1163 644 1313 286 1361 1360 104 139 732 553 1453 271 604 116 763 1321 3 797 1031 165 1442 416 1289 643 657 47 525 555 484 557 1176 499 432 864 313 1189 1004 316 764 517 989 303 943 1250 1046 176 1076 1404 521 861 838 20 433 1465 141 341 472 880 217 984 809 766 141 282 732 173 240 1182 1191
1099 506 552 756 369 557 59 1087 738 972 1050 408 1251 350 664 1149 496 189 24 1073 1228 662 507 682 220 1146 272 536 910 60 807 80 213 1203 1166 1336 31 824 1172 1289 569 946 815 348 1147 1242 660 988 605 881 83 876 559 541 388 610 254 1218 497 597 422 928 1001 1120 495 365 1260 353 98 1076 833 267 1124 1314 947 1165 1245 1380 1099 102 822 100 363 234 1490 656 798 57 592 755 590 777 1207 1457 1438 886 31 976 904 1223
499 696 1106 1372 275 1480 1292 1395 478 1240 779 683 1163 1102 1071 240 860 155 388 238 862 841 1159 649 991 1101 712 411 1317 428 153 837 1479 375 1234 855 792 1388 562 591 811 1286 1419 1329 1429 470 994 715 777 129 697 264 1266 201 1481 958 303 826 1327 1225 332 1235 1136 1333 467 1210 941 1147 738 475 61 150 334 185 640 948 1114 457 240 796 81 559 340 1388 380 1137 1142 413 811 863 1372 15 700 169 883 819 538 1248 1207 93
970 631 1367 904 586 157 89 655 3 1049 792 1425 717 136 963 1473 770 174 557 785 466 421 76 875 361 492 892 215 1252 393 1136 677 101 950 1462 287 960 349 390 493 1046 442 1451 1451 364 1331 764 3 743 1145 151 878 749 571 1383 843 107 493 66 1495 49 1423 663 1474 458 1067 1378 1183 26 50 851 996 1063 741 182 560 1078 257 1358 1099 541 332 869 518 92 598 288 163 1470 779 99 10 1045 121 603 1417 4 1314 1201 1348
1137 313 763 263 1286 1005 429 1261 154 961 773 793 352 57 334 926 563 553 746 120 1222 883 966 732 1261 978 841 1283 37 603 1288 738 779 296 537 745 45 514 18 1394 534 1277 53 1248 1366 1268 1000 575 530 476 1311 822 455 809 335 228 232 119 900 835 93 627 939 606 1387 353 113 267 743 688 290 974 725 1053 839 1026 1089 266 1105 959 190 167 1118 1498 1381 922 197 102 639 777 1394 5 719 90 84 616 494 1464 429 1331
1164 1384 792 1195 934 840 589 886 691 141 90 93 1419 922 572 554 558 513 1402 1317 1195 1279 551 159 500 96 1070 429 471 156 1233 469 652 391 1319 1262 637 1034 1036 620 531 499 1482 876 291 151 1447 913 1496 305 1164 979 252 815 311 1487 1144 1172 158 1085 307 755 302 1392 1114 1071 654 1091 142 789 176 757 1333 1124 523 224 1114 170 417 405 193 356 851 399 597 1029 1176 823 1087 1215 1378 1467 771 540 1119 202 705 127 729 147
765 635 859 240 198 865 291 1051 1473 1316 726 321 1397 146 1149 1347 543 1011 750 879 962 153 203 1130 512 517 334 572 1335 1279 243 406 1477 895 1456 579 862 3 235 861 539 452 723 629 166 663 263 1180 1074 1279 1313 702 627 664 158 444 758 852 770 667 735 1237 699 1142 904 1335 642 495 188 644 1301 478 833 284 229 779 1327 171 754 1360 544 807 1417 944 290 1161 675 61 878 1289 576 641 517 6 124 527 41 891 1339 829
136 763 885 1317 716 1221 1453 72 1069 139 25 609 603 867 561 206 43 331 42 563 1362 1431 804 664 134 751 97 204 43 1490 1235 17 488 12 198 281 672 114 1094 1448 968 476 1275 482 365 594 1446 848 748 1493 1136 534 423 142 253 826 1282 685 674 880 917 945 253 1145 260 277 163 1299 32 1321 1270 1461 637 938 888 1192 1371 921 1461 1388 712 160 314 895 1487 560 1339 992 1290 1442 514 762 1242 522 895 658 890 1380 1025 995
1142 894 1301 693 327 919 911 43 961 849 836 517 1310 366 94 652 317 644 678 150 934 27 713 979 1291 1320 867 840 762 599 1296 201 879 1352 1280 137 361 1254 926 1094 1271 1377 298 50 807 258 1026 310 408 839 1242 1177 1060 724 233 896 965 751 179 51 1116 1258 751 1333 1208 1009 1092 202 1349 908 833 7 1352 959 1465 1073 751 886 1423 274 458 192 432 1375 832 452 146 186 55 671 1290 1293 1173 1163 1105 10 139 208 1003 14
688 1244 1418 904 1116 1295 1407 880 1020 646 1143 1285 520 965 313 7 265 303 3 218 409 460 431 413 954 474 72 477 1439 304 983 1193 1247 69 1170 1350 1114 1085 626 76 1171 60 584 940 777 549 810 312 1350 99 320 116 799 172 123 114 392 913 963 650 1093 670 976 317 59 913 1182 407 287 541 796 220 1033 1451 190 374 705 1165 94 147 918 1218 1428 1205 439 1242 496 949 889 1294 225 238 11 401 153 783 232 1257 173 980
770 855 384 809 920 1230 674 976 980 1453 1198 899 1287 245 1273 998 1378 868 1167 831 532 860 1473 282 1058 471 1106 925 1029 780 1175 1398 1019 492 913 894 1421 596 1040 1414 730 696 754 1016 682 964 1476 1354 921 1039 1063 543 746 222 442 892 1323 444 1453 984 210 132 1118 548 952 852 350 1197 1223 396 138 1122 925 807 745 532 320 1258 182 1056 854 830 1006 432 75 583 1241 1083 905 1009 1299 660 677 116 538 602 1337 617 1250 266
1456 223 448 224 1191 915 144 277 118 200 1425 208 602 709 1087 733 1217 693 1488 648 71 1042 135 699 311 715 750 371 132 178 982 679 459 608 653 1253 165 515 1316 1101 1063 989 1474 525 1389 17 452 10 1040 757 526 562 1191 411 649 760 133 818 1398 1166 1266 1411 866 962 1085 565 1405 535 403 521 1463 841 161 1248 698 1228 1294 1151 1393 874 103 178 1427 371 982 687 186 132 836 4 136 422 512 288 966 1481 1492 640 771 1400
1011 74 1154 1065 786 1292 312 1158 490 1395 1090 569 359 456 1029 249 751 548 1294 51 596 1386 329 625 33 24 817 1178 1247 849 799 1380 386 1248 1318 400 706 206 1159 394 1375 379 391 435 869 965 791 413 853 459 1132 952 723 1267 1127 1093 882 55 36 1443 1170 469 759 1240 1319 639 897 609 291 113 102 1325 266 381 115 746 599 562 343 1418 896 1108 1142 1469 912 1295 879 655 1140 813 393 517 368 1357 57 60 939 1275 1289 352
504 367 1014 222 1446 602 1444 962 331 1104 272 31 539 1080 199 1178 277 3 782 1219 832 213 20 1291 1331 563 49 27 452 529 1217 1338 844 134 610 1020 169 502 430 915 994 1222 442 1112 425 995 1185 537 1482 564 354 44 2 1266 178 197 1077 1397 935 187 1382 824 850 1424 45 1237 813 106 1468 604 1083 303 564 1126 566 983 498 713 1415 40 323 1378 818 1078 147 767 222 359 142 532 568 436 1129 1198 775 1441 809 390 319 425
362 945 314 393 1447 1195 210 551 694 1327 712 1159 430 899 10 1422 1384 376 881 252 493 1418 900 816 1428 281 276 1012 1247 1175 288 658 1293 316 1282 294 1043 1023 619 1284 752 1077 427 668 1354 1304 991 364 1142 1472 392 730 398 133 678 1413 62 534 746 832 489 1419 1344 661 600 720 1346 1452 213 665 203 352 1135 337 1434 911 979 1162 121 295 463 782 876 611 503 125 991 521 1003 664 807 504 1212 369 1375 725 640 934 812 17
780 511 516 550 510 419 711 1358 628 530 7 879 1201 30 270 979 66 465 814 849 892 1001 256 491 1371 252 754 782 1018 1238 948 1400 1153 610 1107 1479 1195 1055 959 21 220 1025 600 217 749 721 871 669 492 237 407 579 1209 1084 508 654 318 1144 51 612 442 1115 804 1453 326 1104 724 664 1431 274 241 711 1004 1191 561 696 1147 90 420 637 1248 194 665 1161 218 344 1370 237 1173 731 1054 717 1104 1214 140 1287 1300 450 275 657
1015 831 511 181 467 328 457 1368 873 802 238 663 1136 644 1070 1477 1187 872 1229 1124 1188 837 1397 1106 839 1275 834 13 580 637 764 1455 838 927 128 529 474 349 745 572 1200 778 6 306 1398 1358 1482 365 307 1478 358 1283 9 588 230 20 196 858 1134 835 180 261 640 696 1419 1274 658 293 261 19 1426 193 420 822 295 1326 737 1047 428 894 158 643 285 781 1297 946 1200 69 869 289 622 248 1144 388 650 418 351 127 401 94
1470 733 811 1293 312 835 190 867 446 422 37 83 1103 726 169 347 467 308 917 1138 114 48 823 67 1092 888 274 1372 301 39 408 874 353 452 232 28 229 557 590 1293 478 1112 203 619 796 426 1193 835 822 1276 929 977 103 9 63 1060 593 424 591 1384 24 123 1163 1032 1174 554 906 1201 1320 333 352 693 1290 1300 646 1491 973 1233 189 1171 261 75 922 107 1155 43 1373 175 159 215 809 117 709 18 998 116 316 936 536 535
728 1298 768 312 988 876 406 255 389 438 744 18 844 108 180 1185 1287 269 931 500 193 385 1445 441 788 540 553 34 1491 240 420 429 705 200 1183 774 1026 256 1276 96 1350 617 71 1316 773 1304 204 12 4 783 71 876 1201 147 904 884 577 1247 423 1213 1195 926 186 930 1206 1095 741 1390 1179 274 425 525 303 963 1408 771 962 527 342 973 809 613 1490 758 1482 1425 1258 341 1048 478 367 95 831 1476 642 1421 140 1014 523 484
271 244 661 1286 322 1283 1173 677 867 425 552 1286 1441 494 550 42 132 492 1069 1216 996 1063 716 55 1272 958 1326 1114 53 913 214 322 640 213 559 734 1459 130 1379 558 1371 580 273 93 1413 1305 750 886 1154 300 1326 1079 1123 457 686 375 695 655 1245 1166 455 861 794 64 713 550 726 491 317 1412 395 808 715 1405 608 736 1189 472 1433 1251 763 1397 31 98 1051 789 1454 1374 621 1093 797 1328 26 273 926 234 1200 1075 642 223
220 448 967 926 1291 853 566 220 742 1005 1260 1126 354 309 1086 241 216 376 868 47 838 613 1129 1406 338 1467 1249 127 321 1123 784 1204 1021 270 257 359 691 124 167 181 260 526 1432 193 1027 112 516 1197 589 978 104 87 1138 1437 1253 1288 781 448 423 679 639 1415 198 589 137 351 830 965 171 898 1104 1134 1068 480 938 592 1485 1486 723 807 994 1397 23 347 64 1313 464 249 332 726 571 37 824 496 1290 193 641 818 959 977
921 922 1134 72 487 419 1014 1353 803 936 249 518 604 1481 772 1386 211 1143 475 1499 120 1101 771 133 1113 1481 565 689 1313 995 136 160 924 285 977 1263 1264 1334 1448 803 1015 647 1380 830 1204 1289 892 1221 657 1027 1086 1473 884 1465 1167 329 502 97 286 235 1461 319 980 415 100 1148 822 746 607 113 873 375 967 934 1214 736 1021 1026 387 13 130 1063 1488 687 940 1335 679 28 804 566 1413 509 195 970 1261 95 750 623 1406 1177
594 655 95 602 1492 380 955 1344 836 1266 1443 489 922 789 1360 605 688 1026 999 312 50 625 673 327 547 1028 621 1402 313 1260 678 1213 793 752 69 745 1497 637 1072 457 1318 342 273 903 1359 1483 1178 963 1319 198 422 557 710 618 1195 1283 1454 999 1269 1052 354 631 763 463 793 691 1400 937 1229 440 714 920 668 746 1293 341 1403 853 358 414 982 200 477 365 193 979 920 753 1120 297 509 653 45 154 905 929 122 574 140 1282
852 269 495 272 793 590 529 184 637 36 1207 1438 1436 1434 746 244 975 811 1264 266 519 1138 334 95 1092 20 759 1474 130 531 1337 421 739 234 618 836 510 271 561 266 687 507 584 313 859 1125 66 1192 1021 831 1345 359 1447 385 262 1445 242 23 15 500 1265 24 339 1293 19 999 1054 1133 1318 263 1415 1450 1056 1192 727 661 1020 586 1025 321 1180 86 1394 64 1103 1420 1169 1143 96 677 1272 1443 1454 614 656 280 291 145 115 845
